104 161 107 230 0
100 154 104 223 1
82 142 81 211 2
90 144 91 213 3
94 151 96 220 4
94 149 95 218 5
97 157 99 227 6
92 149 93 218 7
94 147 95 217 8
105 152 105 221 9
110 161 111 235 10
108 143 111 218 11
113 133 112 207 12
105 133 108 214 13
136 144 138 222 14
119 142 123 224 15
121 163 127 228 16
118 159 124 226 17
152 161 148 241 18
129 126 131 194 19
127 126 129 194 20
133 141 134 207 21
134 140 138 207 22
120 133 122 198 23
135 147 138 213 24
129 158 128 218 25
131 157 130 212 26
106 142 107 207 27
124 141 127 207 28
114 147 115 208 29
116 149 116 208 30
122 152 121 211 31
123 144 125 205 32
138 156 139 217 33
137 152 140 215 34
135 144 137 207 35
155 157 154 212 36
141 163 141 219 37
124 148 122 204 38
134 144 131 203 39
137 162 138 218 40
138 159 136 215 41
138 163 138 218 42
135 167 135 222 43
147 160 147 214 44
153 167 151 220 45
101 185 105 238 46
87 141 91 206 47
67 147 68 205 48
73 143 75 205 49
82 150 85 232 50
86 156 93 231 51
78 161 80 244 52
0 0 0 0 0
0 0 0 0 0
0 0 0 0 0
96 154 98 234 56
92 140 91 221 57
0 0 0 0 0
0 0 0 0 0
0 0 0 0 0
0 0 0 0 0
86 167 89 245 62
86 154 88 232 63
93 155 95 235 64
80 151 80 231 65
103 165 103 242 66
89 159 92 241 67
82 152 81 237 68
83 153 82 235 69
131 159 133 235 70
81 146 81 231 71
0 0 0 0 0
85 148 84 236 73
82 153 80 238 74
100 158 99 238 75
158 153 158 231 76
144 150 142 233 77
120 144 119 229 78
120 147 119 230 79
120 151 116 235 80
120 149 118 234 81
136 156 133 240 82
124 146 121 225 83
129 151 125 231 84
134 151 130 233 85
128 147 125 230 86
133 156 129 239 87
137 157 132 239 88
125 145 120 230 89
62 165 63 218 90
87 175 88 224 91
86 174 90 224 92
87 182 90 229 93
100 194 103 247 94
57 172 58 229 95
54 162 54 219 96
78 194 79 257 97
0 0 0 0 0
0 0 0 0 0
0 0 0 0 0
0 0 0 0 0
123 154 119 218 102
0 0 0 0 0
0 0 0 0 0
0 0 0 0 0
115 168 116 226 106
116 164 113 225 107
115 167 116 226 108
121 162 119 226 109
116 168 113 229 110
117 169 112 230 111
118 168 113 234 112
121 165 119 226 113
114 162 114 226 114
0 0 0 0 0
0 0 0 0 0
104 171 108 235 117
110 160 112 223 118
100 156 106 223 119
112 155 114 221 120
122 151 129 224 121
108 163 106 230 122
115 166 115 232 123
111 161 110 229 124
111 165 113 233 125
108 158 108 229 126
111 177 114 244 127
97 176 97 231 128
100 169 106 236 129
109 170 110 238 130
108 174 107 243 131
102 177 105 241 132
87 181 87 240 133
108 174 107 234 134
111 168 114 234 135
106 173 108 239 136
107 172 106 238 137
115 179 117 252 138
116 179 117 245 139
115 166 120 237 140
118 173 121 240 141
118 169 117 233 142
107 177 114 242 143
112 172 117 242 144
116 161 118 235 145
0 0 0 0 0
99 197 98 238 147
118 181 120 228 148
97 145 98 194 149
97 143 102 190 150
103 153 106 206 151
73 166 77 207 152
95 162 91 217 153
94 158 94 207 154
98 155 100 209 155
104 157 109 210 156
89 198 93 245 157
93 199 94 247 158
100 216 101 266 159
94 211 96 254 160
94 214 96 259 161
101 209 104 260 162
91 215 94 261 163
95 208 97 254 164
85 168 87 214 165
101 180 99 231 166
99 174 101 226 167
91 174 97 224 168
92 173 97 224 169
0 0 0 0 0
0 0 0 0 0
0 0 0 0 0
0 0 0 0 0
0 0 0 0 0
0 0 0 0 0
0 0 0 0 0
0 0 0 0 0
0 0 0 0 0
0 0 0 0 0
0 0 0 0 0
126 161 125 225 181
0 0 0 0 0
0 0 0 0 0
0 0 0 0 0
0 0 0 0 0
0 0 0 0 0
0 0 0 0 0
142 161 146 222 188
140 155 140 218 189
0 0 0 0 0
0 0 0 0 0
0 0 0 0 0
118 183 113 245 193
110 196 110 254 194
107 180 106 238 195
0 0 0 0 0
117 183 113 240 197
109 185 110 243 198
108 170 107 225 199
112 178 111 236 200
109 175 108 235 201
115 165 113 223 202
107 165 109 227 203
105 169 107 227 204
100 192 97 237 205
94 193 96 244 206
111 176 110 236 207
94 176 96 214 208
116 167 111 228 209
109 166 106 225 210
114 169 114 229 211
111 159 107 227 212
123 152 119 215 213
106 172 107 227 214
107 163 105 222 215
113 161 115 221 216
0 0 0 0 0
0 0 0 0 0
111 177 105 234 219
126 189 126 247 220
0 0 0 0 0
108 192 110 233 222
108 190 109 232 223
109 195 111 238 224
108 193 112 236 225
120 192 122 237 226
115 193 117 238 227
113 194 116 239 228
119 197 121 239 229
116 195 118 239 230
114 198 117 241 231
119 195 122 237 232
119 196 121 238 233
118 202 119 246 234
119 199 120 244 235
120 195 120 239 236
121 193 121 240 237
120 197 120 243 238
118 195 116 242 239
120 187 122 233 240
99 197 98 249 241
104 213 107 262 242
103 201 106 255 243
110 205 111 260 244
105 192 108 241 245
114 214 114 265 246
115 204 120 255 247
117 201 117 253 248
109 209 108 261 249
111 203 112 259 250
109 198 111 247 251
111 191 112 240 252
111 197 112 247 253
111 201 112 247 254
109 192 113 243 255
109 197 112 249 256
110 196 113 245 257
106 195 111 244 258
106 197 111 246 259
128 184 128 231 260
129 174 125 219 261
116 200 114 244 262
112 191 112 235 263
113 194 116 237 264
121 195 121 237 265
114 195 120 237 266
120 147 126 188 267
119 134 123 178 268
121 199 124 242 269
120 199 123 244 270
120 200 123 243 271
115 198 117 240 272
114 201 116 244 273
121 199 123 241 274
121 192 122 234 275
114 196 114 241 276
118 195 120 241 277
114 196 118 241 278
106 196 112 237 279
114 196 119 240 280
113 191 118 236 281
116 193 120 240 282
65 162 67 205 283
92 163 95 206 284
90 161 92 207 285
82 168 85 210 286
90 169 91 213 287
88 168 90 214 288
89 166 92 208 289
84 176 88 218 290
94 196 92 236 291
90 196 91 238 292
82 196 86 237 293
87 186 89 229 294
85 184 86 225 295
86 186 88 227 296
89 181 91 222 297
84 160 88 201 298
83 157 86 198 299
91 156 93 198 300
88 164 93 204 301
92 168 95 208 302
91 160 92 203 303
91 162 95 202 304
98 158 101 199 305
90 164 94 206 306
96 186 99 224 307
93 110 96 189 308
121 157 122 240 309
123 154 122 236 310
0 0 0 0 0
71 143 73 216 312
76 157 75 229 313
75 156 80 233 314
85 157 85 233 315
89 143 92 221 316
95 147 97 228 317
82 152 89 233 318
81 151 83 229 319
90 151 85 224 320
83 153 81 231 321
113 136 111 184 322
108 136 106 182 323
111 125 109 169 324
109 132 106 176 325
119 141 115 185 326
120 140 116 184 327
113 150 110 194 328
105 149 103 196 329
109 145 106 190 330
143 157 142 203 331
131 144 128 194 332
132 141 127 191 333
128 147 125 198 334
129 132 127 184 335
128 141 127 192 336
136 152 135 199 337
124 143 124 193 338
134 141 134 193 339
134 147 137 194 340
139 134 141 180 341
127 130 124 174 342
113 155 112 200 343
140 84 138 129 344
0 0 0 0 0
119 128 117 184 346
117 118 117 174 347
115 118 114 174 348
54 148 56 198 349
73 140 73 197 350
70 149 72 202 351
77 143 76 199 352
79 147 77 199 353
71 141 70 192 354
70 126 69 180 355
70 129 68 182 356
74 141 73 192 357
0 0 0 0 0
49 133 49 181 359
49 130 49 178 360
73 140 69 191 361
65 135 63 188 362
70 124 67 172 363
80 125 79 183 364
59 115 61 170 365
0 0 0 0 0
0 0 0 0 0
72 124 68 171 368
77 130 74 175 369
53 132 56 186 370
57 127 53 178 371
86 144 81 212 372
78 139 83 203 373
0 0 0 0 0
0 0 0 0 0
0 0 0 0 0
108 187 108 237 377
114 180 114 231 378
113 170 110 217 379
107 169 104 217 380
99 189 95 237 381
101 182 98 227 382
108 176 106 223 383
99 170 96 216 384
94 173 92 217 385
107 177 103 222 386
104 176 102 223 387
118 126 117 169 388
121 127 121 173 389
119 113 118 159 390
117 122 114 165 391
109 119 108 162 392
89 127 88 174 393
85 122 87 170 394
99 115 101 167 395
95 103 94 152 396
86 108 87 158 397
93 110 96 157 398
103 120 100 168 399
100 114 100 163 400
91 111 90 157 401
91 121 91 169 402
89 117 87 165 403
87 119 87 162 404
82 114 83 158 405
88 113 88 159 406
92 111 94 159 407
94 111 95 159 408
87 109 88 156 409
85 110 84 157 410
93 120 93 169 411
98 115 98 165 412
92 121 94 168 413
89 114 88 159 414
93 113 92 159 415
93 108 93 157 416
84 120 84 165 417
132 120 136 168 418
121 132 124 182 419
117 134 121 186 420
117 122 121 172 421
119 128 122 179 422
117 121 120 172 423
113 122 117 172 424
105 128 111 181 425
109 139 112 192 426
125 106 136 162 427
103 109 106 167 428
104 119 107 183 429
90 121 95 177 430
91 123 98 183 431
95 120 101 179 432
94 122 97 182 433
89 124 94 184 434
88 127 94 187 435
90 135 95 196 436
96 127 101 190 437
93 125 98 186 438
101 116 107 174 439
98 122 103 183 440
102 123 106 191 441
102 125 108 183 442
95 129 102 191 443
88 136 94 200 444
102 129 108 189 445
93 118 99 180 446
103 125 106 188 447
91 120 96 183 448
121 118 128 165 449
128 136 132 182 450
122 135 127 182 451
123 136 131 183 452
132 123 138 173 453
130 130 136 178 454
133 128 138 175 455
131 132 137 180 456
138 103 142 147 457
138 92 142 139 458
138 101 144 148 459
139 97 145 144 460
126 140 131 187 461
125 141 130 186 462
128 142 134 187 463
123 134 128 181 464
126 138 131 185 465
128 136 129 182 466
126 139 131 186 467
127 140 131 186 468
128 133 130 181 469
125 137 131 185 470
125 134 129 181 471
120 135 122 179 472
121 138 130 185 473
123 134 129 183 474
119 138 123 184 475
123 139 129 185 476
122 134 128 180 477
123 133 124 177 478
123 136 127 182 479
128 138 130 184 480
126 134 132 176 481
70 145 73 215 482
150 109 151 152 483
120 106 123 158 484
0 0 0 0 0
125 105 128 157 486
122 153 123 207 487
119 147 120 199 488
136 146 136 194 489
133 143 135 191 490
135 143 137 190 491
131 144 133 192 492
135 141 135 190 493
130 134 131 183 494
126 135 129 185 495
130 139 132 189 496
131 140 131 186 497
129 137 130 185 498
130 135 133 183 499
128 135 130 186 500
128 142 131 191 501
130 141 133 191 502
125 148 127 199 503
131 141 131 184 504
129 137 129 187 505
133 140 133 186 506
130 141 132 186 507
127 140 128 187 508
129 137 130 184 509
131 139 131 185 510
129 134 128 183 511
127 136 127 185 512
127 138 128 186 513
125 135 125 183 514
128 132 127 181 515
130 134 129 179 516
125 133 127 185 517
127 132 127 181 518
98 158 101 227 519
106 160 101 222 520
106 158 107 219 521
106 171 108 230 522
99 162 103 226 523
105 162 106 224 524
114 147 114 210 525
111 150 110 211 526
112 151 112 210 527
110 151 107 209 528
105 155 109 215 529
103 149 103 208 530
107 153 107 212 531
107 151 108 211 532
102 151 102 211 533
109 150 109 209 534
105 147 110 209 535
106 148 107 209 536
107 154 106 216 537
101 163 100 222 538
103 167 103 224 539
105 173 105 231 540
107 147 106 212 541
105 161 108 222 542
103 153 104 214 543
103 149 103 214 544
105 157 109 219 545
111 152 111 217 546
109 166 111 223 547
111 172 111 230 548
109 167 110 224 549
114 165 111 223 550
112 165 112 222 551
113 168 112 223 552
115 165 115 221 553
111 169 115 223 554
110 161 111 218 555
127 163 127 205 556
191 128 194 174 557
152 130 156 171 558
159 130 162 171 559
119 122 123 173 560
70 167 74 206 561
70 156 73 201 562
75 164 79 208 563
0 0 0 0 0
0 0 0 0 0
55 151 61 215 566
66 167 71 209 567
62 157 66 201 568
72 162 77 206 569
79 160 83 205 570
73 160 78 207 571
77 160 83 204 572
65 163 68 204 573
81 157 86 206 574
77 155 83 203 575
73 158 75 201 576
77 153 82 202 577
78 156 81 201 578
84 163 87 210 579
73 156 75 210 580
81 149 85 199 581
76 156 80 204 582
75 158 79 204 583
80 163 84 211 584
80 163 85 212 585
76 146 76 203 586
63 157 64 207 587
59 137 59 185 588
56 141 58 189 589
57 112 58 167 590
60 105 61 164 591
68 111 69 174 592
71 112 75 175 593
67 110 66 165 594
57 126 56 178 595
53 126 54 178 596
55 114 56 170 597
51 116 53 169 598
65 115 64 170 599
60 124 61 178 600
51 120 55 172 601
52 128 53 177 602
85 158 90 210 603
83 156 88 208 604
76 149 78 199 605
82 155 85 207 606
95 155 99 208 607
109 148 113 208 608
82 152 87 210 609
96 146 100 206 610
94 143 97 202 611
92 137 92 197 612
84 152 89 213 613
96 145 100 205 614
96 144 99 206 615
89 151 92 210 616
83 149 86 208 617
82 151 86 208 618
77 149 80 208 619
83 154 87 213 620
81 153 86 210 621
77 155 82 210 622
87 153 91 209 623
86 153 88 209 624
75 152 78 203 625
96 145 100 205 626
96 144 99 206 627
89 151 92 210 628
73 157 77 210 629
71 155 75 206 630
71 152 75 205 631
84 152 89 213 632
72 147 74 200 633
125 172 128 236 634
129 142 130 207 635
76 132 81 199 636
72 157 74 221 637
59 149 65 204 638
86 139 90 203 639
70 145 71 204 640
71 146 73 201 641
68 152 70 207 642
84 160 83 213 643
87 154 86 212 644
108 190 109 240 645
108 199 110 258 646
108 187 107 240 647
112 178 112 232 648
93 137 97 180 649
93 144 100 185 650
94 149 102 189 651
118 151 115 197 652
0 0 0 0 0
70 140 72 198 654
73 131 71 192 655
0 0 0 0 0
90 157 97 218 657
86 149 88 214 658
87 153 90 213 659
105 167 108 224 660
97 152 100 213 661
112 152 118 218 662
120 148 121 214 663
123 149 128 213 664
110 151 115 209 665
100 148 106 206 666
108 148 117 209 667
111 152 117 211 668
98 149 106 211 669
108 149 113 213 670
104 154 108 213 671
103 150 111 216 672
103 173 101 223 673
101 148 106 207 674
104 155 110 215 675
121 147 121 208 676
103 147 110 217 677
110 156 117 214 678
104 162 110 227 679
101 155 107 215 680
96 153 103 215 681
76 157 77 204 682
85 156 92 205 683
86 145 92 199 684
95 146 100 214 685
102 149 108 209 686
106 154 112 213 687
102 144 109 200 688
101 140 108 197 689
104 137 111 194 690
104 133 111 191 691
105 154 111 211 692
107 156 117 213 693
108 156 115 211 694
110 155 118 210 695
104 153 112 210 696
113 148 118 205 697
113 151 120 207 698
112 152 120 207 699
116 140 121 199 700
111 145 117 200 701
113 154 119 210 702
114 146 119 202 703
113 161 119 218 704
113 153 120 209 705
59 170 61 239 706
55 174 61 239 707
60 166 65 231 708
82 173 88 246 709
89 181 95 256 710
119 178 116 232 711
121 163 118 227 712
119 167 117 232 713
114 167 111 233 714
128 160 124 226 715
149 174 146 232 716
126 163 127 225 717
158 167 160 224 718
128 164 126 226 719
122 162 119 223 720
124 159 121 219 721
123 160 118 220 722
124 162 123 222 723
127 206 131 263 724
131 163 130 228 725
131 163 128 227 726
127 165 128 228 727
121 169 121 229 728
125 165 122 226 729
127 165 124 226 730
126 169 124 229 731
127 168 124 228 732
128 168 124 228 733
124 170 124 226 734
129 167 126 226 735
124 171 121 230 736
129 161 126 228 737
132 168 131 232 738
129 168 127 234 739
129 169 126 231 740
125 168 126 211 741
120 144 120 188 742
127 156 126 197 743
124 165 125 204 744
114 161 112 205 745
114 159 114 203 746
113 155 114 198 747
113 159 115 203 748
123 156 123 202 749
124 156 123 200 750
126 162 126 203 751
127 164 129 203 752
109 161 106 203 753
0 0 0 0 0
115 160 111 202 755
119 165 118 207 756
119 164 118 205 757
121 169 119 210 758
120 168 121 209 759
121 168 121 209 760
121 167 124 206 761
122 164 123 203 762
123 173 120 215 763
120 166 120 207 764
121 164 116 207 765
119 162 114 205 766
120 163 119 203 767
122 171 124 211 768
120 172 122 213 769
121 167 123 207 770
122 166 117 210 771
120 174 121 211 772
119 169 119 210 773
120 167 118 207 774
121 175 120 214 775
120 170 116 210 776
121 169 121 209 777
120 171 117 211 778
113 140 115 186 779
102 135 103 181 780
106 139 105 184 781
104 137 104 184 782
100 138 100 184 783
103 138 101 182 784
108 139 107 184 785
101 141 102 187 786
101 135 102 180 787
104 137 103 181 788
99 140 98 185 789
97 142 96 188 790
96 145 95 191 791
97 135 96 180 792
100 136 97 182 793
98 136 98 183 794
98 135 97 181 795
99 135 99 180 796
102 129 100 173 797
101 132 100 178 798
99 130 100 173 799
100 130 99 173 800
103 127 102 170 801
102 129 101 172 802
100 135 101 178 803
101 136 100 181 804
100 132 100 175 805
101 133 100 179 806
102 134 102 180 807
103 132 99 177 808
101 135 101 178 809
104 146 106 205 810
102 152 105 208 811
100 168 102 226 812
107 165 108 222 813
91 155 95 210 814
91 157 91 207 815
96 158 98 209 816
91 161 92 208 817
127 153 130 212 818
137 154 138 220 819
101 154 103 204 820
120 160 121 215 821
118 173 116 227 822
113 167 114 217 823
110 158 110 211 824
115 154 118 210 825
116 170 118 226 826
118 167 120 218 827
113 169 111 221 828
125 153 124 211 829
84 156 86 205 830
123 151 124 206 831
148 150 148 211 832
156 161 156 216 833
159 152 158 211 834
159 176 157 235 835
157 161 158 218 836
160 168 160 225 837
158 166 160 220 838
156 158 157 212 839
162 166 164 227 840
162 166 162 221 841
160 169 161 227 842
168 171 168 229 843
177 176 175 233 844
157 167 160 224 845
160 167 158 226 846
162 167 161 226 847
153 177 154 238 848
164 172 164 229 849
165 174 164 229 850
95 163 97 219 851
115 151 116 210 852
93 152 91 211 853
95 166 99 227 854
89 162 87 204 855
107 155 111 224 856
150 156 150 213 857
147 145 146 201 858
148 164 146 221 859
135 166 138 218 860
134 273 142 328 861
119 161 120 220 862
118 161 119 218 863
120 161 119 224 864
124 156 123 216 865
121 152 123 214 866
121 151 121 215 867
125 153 123 213 868
120 158 121 216 869
125 153 124 212 870
125 154 126 212 871
127 153 129 214 872
132 155 131 215 873
89 142 90 182 874
97 133 100 174 875
102 158 102 197 876
100 155 101 196 877
101 164 101 205 878
103 165 102 203 879
101 167 103 207 880
99 170 100 211 881
107 168 106 207 882
99 167 99 208 883
110 172 113 211 884
103 172 103 211 885
115 172 116 213 886
106 168 107 209 887
106 171 108 211 888
103 168 102 210 889
105 166 105 206 890
112 168 113 206 891
105 170 104 210 892
87 167 85 223 893
0 0 0 0 0
95 170 95 225 895
85 171 85 232 896
90 179 90 236 897
74 167 75 226 898
79 172 82 225 899
77 160 76 209 900
74 172 78 226 901
79 167 79 226 902
73 158 75 211 903
82 171 82 224 904
80 169 82 224 905
81 160 79 213 906
80 174 82 226 907
81 172 84 227 908
80 176 83 229 909
89 174 90 226 910
82 172 84 225 911
88 172 91 224 912
92 185 93 238 913
90 167 90 220 914
89 177 89 230 915
87 173 89 224 916
89 170 90 223 917
0 0 0 0 0
67 152 66 219 919
110 161 119 243 920
97 146 109 229 921
86 160 88 239 922
105 222 103 268 923
101 186 96 242 924
94 197 98 246 925
88 197 86 251 926
107 181 106 241 927
105 184 103 246 928
107 185 109 241 929
102 177 99 235 930
103 182 101 240 931
105 187 106 246 932
113 185 109 249 933
105 167 102 230 934
123 169 123 228 935
99 164 99 224 936
94 169 91 227 937
110 174 109 240 938
108 169 108 235 939
110 174 116 237 940
112 159 110 221 941
87 189 88 231 942
108 169 114 238 943
103 186 104 227 944
103 184 104 230 945
117 177 118 231 946
0 0 0 0 0
98 174 106 239 948
0 0 0 0 0
111 166 112 236 950
67 174 67 231 951
110 174 113 245 952
108 163 110 234 953
114 163 111 234 954
120 180 125 246 955
127 172 131 241 956
124 161 131 228 957
116 176 118 243 958
115 171 119 224 959
112 174 116 230 960
104 174 106 227 961
107 179 106 231 962
106 184 106 231 963
101 186 103 234 964
112 157 114 218 965
108 168 112 230 966
109 180 115 239 967
103 174 104 228 968
97 165 100 221 969
108 163 111 224 970
100 165 100 221 971
100 163 105 221 972
0 0 0 0 0
94 183 93 225 974
108 178 110 217 975
118 172 120 206 976
0 0 0 0 0
112 169 116 209 978
102 162 104 201 979
105 164 108 203 980
103 176 105 214 981
110 183 110 219 982
107 180 107 216 983
106 178 106 218 984
109 175 106 214 985
108 175 108 213 986
98 185 100 224 987
0 0 0 0 0
107 191 105 231 989
0 0 0 0 0
108 197 108 236 991
113 142 110 180 992
0 0 0 0 0
105 179 106 218 994
100 178 100 218 995
103 176 106 214 996
102 172 102 211 997
0 0 0 0 0
104 181 105 218 999
101 177 101 219 1000
0 0 0 0 0
107 167 105 210 1002
94 178 95 216 1003
102 183 102 223 1004
103 183 104 222 1005
99 176 101 215 1006
102 179 103 217 1007
103 176 101 215 1008
97 177 98 214 1009
0 0 0 0 0
103 181 103 221 1011
104 184 104 221 1012
0 0 0 0 0
0 0 0 0 0
139 148 149 233 1015
140 150 135 233 1016
122 144 127 230 1017
95 140 96 231 1018
109 146 107 233 1019
139 154 153 237 1020
138 156 130 240 1021
102 134 106 227 1022
124 142 128 231 1023
0 0 0 0 0
131 147 140 237 1025
0 0 0 0 0
111 106 110 149 1027
110 103 109 150 1028
115 103 115 147 1029
49 140 49 189 1030
48 141 49 189 1031
62 148 60 184 1032
0 0 0 0 0
60 135 59 178 1034
62 143 60 186 1035
62 138 62 178 1036
66 138 67 181 1037
63 145 63 189 1038
68 143 66 187 1039
69 139 72 181 1040
66 137 65 181 1041
65 143 64 186 1042
70 138 70 181 1043
71 141 71 187 1044
73 142 73 186 1045
74 148 75 191 1046
70 145 71 187 1047
72 148 73 190 1048
69 140 67 186 1049
94 170 92 213 1050
92 162 93 206 1051
93 168 94 212 1052
89 164 90 212 1053
92 169 92 213 1054
96 172 96 215 1055
94 173 94 218 1056
90 171 91 215 1057
94 172 94 216 1058
114 171 117 237 1059
80 172 78 215 1060
86 166 87 207 1061
89 170 88 211 1062
87 173 86 217 1063
86 178 85 218 1064
77 177 76 222 1065
87 179 84 220 1066
78 178 72 220 1067
82 178 77 221 1068
0 0 0 0 0
83 175 79 220 1070
80 175 77 216 1071
62 164 62 214 1072
89 169 88 212 1073
94 182 93 232 1074
77 171 76 214 1075
81 181 80 228 1076
75 173 72 219 1077
77 177 77 222 1078
60 177 63 240 1079
85 161 86 243 1080
83 160 83 245 1081
0 0 0 0 0
0 0 0 0 0
82 162 84 244 1084
0 0 0 0 0
91 178 94 261 1086
93 164 97 254 1087
93 157 97 250 1088
98 159 105 250 1089
109 162 118 253 1090
129 162 135 245 1091
0 0 0 0 0
139 170 146 257 1093
114 168 119 257 1094
81 228 84 280 1095
83 195 87 250 1096
82 190 85 243 1097
81 183 81 236 1098
77 179 79 232 1099
76 182 81 236 1100
78 177 79 231 1101
77 179 84 232 1102
79 179 82 233 1103
77 180 83 232 1104
78 177 83 233 1105
76 175 79 229 1106
80 181 82 233 1107
82 177 85 231 1108
76 181 82 232 1109
80 182 82 234 1110
81 183 82 235 1111
80 180 83 233 1112
77 179 79 232 1113
77 179 80 231 1114
79 183 81 235 1115
79 179 83 232 1116
82 179 84 230 1117
79 177 84 231 1118
76 178 80 233 1119
76 179 82 231 1120
83 183 86 237 1121
94 165 95 232 1122
85 167 85 228 1123
97 183 95 244 1124
103 178 102 235 1125
127 161 130 218 1126
103 176 102 237 1127
96 171 95 233 1128
100 173 99 230 1129
100 175 97 233 1130
95 168 95 229 1131
99 159 98 220 1132
102 171 102 226 1133
96 151 96 221 1134
101 159 99 219 1135
99 168 97 226 1136
95 158 95 214 1137
93 171 90 227 1138
100 159 98 219 1139
99 166 100 222 1140
93 184 92 222 1141
100 162 98 223 1142
105 166 101 225 1143
97 161 99 225 1144
100 161 99 221 1145
101 166 100 226 1146
108 161 107 218 1147
93 172 93 231 1148
95 166 93 228 1149
94 166 93 229 1150
86 159 87 225 1151
95 171 92 231 1152
80 171 78 231 1153
83 165 84 228 1154
78 177 79 241 1155
96 165 101 230 1156
70 172 70 234 1157
70 168 72 232 1158
78 170 78 233 1159
84 172 87 238 1160
85 171 88 237 1161
88 160 92 225 1162
0 0 0 0 0
76 169 69 235 1164
83 176 84 245 1165
89 170 93 239 1166
81 174 85 236 1167
90 166 89 238 1168
87 169 89 242 1169
81 173 86 243 1170
96 166 102 239 1171
89 163 92 231 1172
65 126 74 181 1173
0 0 0 0 0
68 173 66 225 1175
72 172 70 221 1176
65 170 68 219 1177
62 173 65 224 1178
63 178 64 226 1179
59 176 60 223 1180
60 177 60 224 1181
66 178 67 229 1182
48 169 48 215 1183
65 174 64 222 1184
69 173 68 224 1185
61 179 64 234 1186
68 179 68 231 1187
76 180 74 235 1188
74 181 75 231 1189
0 0 0 0 0
0 0 0 0 0
0 0 0 0 0
53 168 52 219 1193
58 165 60 217 1194
66 175 67 225 1195
62 169 65 219 1196
67 166 65 214 1197
65 169 60 217 1198
62 168 60 217 1199
64 170 62 218 1200
59 167 56 216 1201
60 174 61 221 1202
59 173 59 220 1203
60 175 60 224 1204
67 172 63 220 1205
67 174 64 225 1206
63 169 63 221 1207
59 176 61 226 1208
66 172 64 220 1209
66 175 62 224 1210
51 166 51 215 1211
59 170 61 218 1212
56 168 54 220 1213
65 180 65 220 1214
70 179 68 216 1215
69 174 70 213 1216
72 175 70 212 1217
71 176 69 212 1218
68 173 68 208 1219
58 182 59 217 1220
70 173 70 208 1221
68 174 68 207 1222
68 172 69 209 1223
70 173 71 206 1224
66 172 66 209 1225
71 174 71 211 1226
71 174 71 209 1227
73 178 73 215 1228
71 171 72 208 1229
69 179 70 213 1230
74 175 75 211 1231
70 176 71 210 1232
71 169 72 203 1233
72 177 74 212 1234
74 178 75 214 1235
64 179 64 214 1236
67 171 68 205 1237
72 180 72 218 1238
74 174 74 212 1239
69 173 71 209 1240
68 175 69 212 1241
67 176 72 212 1242
69 228 73 282 1243
65 206 66 251 1244
78 207 80 254 1245
77 209 80 260 1246
85 193 89 245 1247
83 197 85 248 1248
79 204 81 256 1249
77 206 80 259 1250
76 205 78 256 1251
70 207 72 258 1252
73 197 73 248 1253
65 188 65 240 1254
78 199 81 249 1255
73 206 73 258 1256
70 202 70 255 1257
80 203 81 256 1258
71 204 72 255 1259
78 202 80 257 1260
77 200 77 253 1261
74 205 74 255 1262
75 209 78 258 1263
73 211 76 263 1264
68 205 67 255 1265
70 195 70 246 1266
65 197 65 249 1267
65 198 64 251 1268
69 206 70 258 1269
65 204 63 256 1270
69 208 70 258 1271
74 203 74 255 1272
75 216 79 265 1273
74 206 73 258 1274
71 207 71 259 1275
80 206 80 259 1276
86 205 86 257 1277
81 201 81 253 1278
82 203 83 255 1279
84 201 84 255 1280
85 197 85 248 1281
80 197 80 250 1282
81 198 81 251 1283
79 201 82 254 1284
82 205 86 256 1285
90 200 92 252 1286
82 197 84 249 1287
74 201 74 255 1288
76 199 76 254 1289
73 202 75 256 1290
70 209 71 259 1291
74 199 73 252 1292
129 159 129 229 1293
93 164 92 217 1294
95 162 95 219 1295
91 163 90 216 1296
82 157 80 208 1297
80 155 83 212 1298
90 159 92 225 1299
95 163 98 222 1300
91 165 97 227 1301
94 158 96 217 1302
93 160 97 215 1303
87 160 87 213 1304
93 156 95 214 1305
89 162 90 222 1306
95 156 96 217 1307
101 162 102 216 1308
105 160 107 221 1309
107 153 110 213 1310
107 156 109 218 1311
112 164 110 223 1312
101 159 106 216 1313
99 160 99 214 1314
105 155 109 218 1315
109 165 109 225 1316
106 161 108 220 1317
153 162 153 229 1318
68 184 69 223 1319
65 191 67 227 1320
75 167 80 202 1321
75 186 79 224 1322
79 181 81 221 1323
70 186 73 219 1324
76 182 78 219 1325
77 183 80 219 1326
92 181 93 224 1327
62 179 65 218 1328
86 189 87 232 1329
73 191 76 226 1330
76 193 77 225 1331
71 193 73 227 1332
95 187 94 236 1333
94 188 93 235 1334
77 182 78 231 1335
83 177 86 228 1336
72 188 75 225 1337
71 181 72 221 1338
71 186 73 224 1339
68 187 71 224 1340
77 182 79 221 1341
67 187 68 222 1342
67 188 67 227 1343
69 188 70 225 1344
82 184 87 227 1345
69 194 71 229 1346
107 178 107 225 1347
78 178 83 222 1348
82 175 85 218 1349
83 176 86 219 1350
86 183 85 226 1351
62 191 65 225 1352
64 190 67 228 1353
76 188 78 226 1354
85 182 88 226 1355
70 186 73 226 1356
74 183 75 222 1357
70 182 69 220 1358
96 203 100 260 1359
99 174 101 232 1360
104 172 106 233 1361
96 180 99 237 1362
95 181 96 237 1363
94 178 98 238 1364
86 172 88 234 1365
99 172 99 221 1366
96 172 98 229 1367
97 179 99 234 1368
102 177 105 232 1369
101 174 102 226 1370
79 168 77 229 1371
102 174 103 237 1372
110 179 107 239 1373
112 178 113 244 1374
109 173 110 238 1375
115 178 117 244 1376
114 175 116 239 1377
118 188 115 249 1378
114 191 115 256 1379
111 183 112 243 1380
108 182 105 243 1381
108 187 110 247 1382
106 177 107 245 1383
102 174 101 236 1384
109 180 113 243 1385
123 180 120 238 1386
103 183 107 228 1387
101 182 105 226 1388
105 187 110 230 1389
108 179 114 224 1390
106 208 114 253 1391
109 206 115 251 1392
105 200 110 244 1393
112 191 115 237 1394
113 189 116 231 1395
63 197 67 239 1396
73 196 78 239 1397
77 193 79 239 1398
81 178 83 232 1399
76 193 79 240 1400
84 193 84 234 1401
85 191 85 234 1402
82 195 85 240 1403
81 191 84 236 1404
79 198 83 244 1405
87 186 88 230 1406
88 187 90 232 1407
90 187 91 233 1408
90 183 91 228 1409
85 186 88 233 1410
92 188 92 231 1411
90 184 92 229 1412
84 184 86 232 1413
87 185 88 230 1414
0 0 0 0 0
84 184 85 231 1416
90 184 90 228 1417
83 185 84 235 1418
86 179 86 234 1419
83 183 86 231 1420
88 190 93 239 1421
88 182 91 235 1422
83 171 85 223 1423
92 179 95 233 1424
94 182 97 237 1425
94 136 95 191 1426
96 136 101 189 1427
95 132 97 184 1428
93 130 94 183 1429
91 129 92 183 1430
89 133 93 186 1431
90 132 92 185 1432
97 133 97 183 1433
86 135 91 189 1434
95 133 97 183 1435
93 133 94 183 1436
91 134 92 183 1437
89 125 88 180 1438
89 134 92 183 1439
89 137 91 191 1440
96 129 99 221 1441
0 0 0 0 0
0 0 0 0 0
0 0 0 0 0
0 0 0 0 0
0 0 0 0 0
0 0 0 0 0
0 0 0 0 0
0 0 0 0 0
0 0 0 0 0
0 0 0 0 0
0 0 0 0 0
0 0 0 0 0
0 0 0 0 0
0 0 0 0 0
0 0 0 0 0
0 0 0 0 0
0 0 0 0 0
0 0 0 0 0
0 0 0 0 0
0 0 0 0 0
0 0 0 0 0
0 0 0 0 0
0 0 0 0 0
0 0 0 0 0
0 0 0 0 0
60 135 61 200 1467
0 0 0 0 0
60 150 62 215 1469
65 139 65 207 1470
62 140 63 206 1471
66 141 64 207 1472
0 0 0 0 0
0 0 0 0 0
0 0 0 0 0
0 0 0 0 0
0 0 0 0 0
0 0 0 0 0
0 0 0 0 0
0 0 0 0 0
0 0 0 0 0
0 0 0 0 0
0 0 0 0 0
0 0 0 0 0
0 0 0 0 0
75 136 82 218 1486
77 142 81 222 1487
80 148 79 220 1488
101 138 102 224 1489
0 0 0 0 0
0 0 0 0 0
0 0 0 0 0
0 0 0 0 0
90 134 91 208 1494
84 143 85 199 1495
70 141 71 198 1496
55 145 58 195 1497
57 146 61 197 1498
55 142 56 189 1499
57 144 60 193 1500
60 147 64 196 1501
63 141 64 192 1502
56 142 60 189 1503
58 146 61 195 1504
57 143 61 189 1505
54 142 58 190 1506
64 139 65 194 1507
57 142 53 191 1508
75 141 76 191 1509
57 139 60 188 1510
64 133 65 185 1511
59 145 60 192 1512
55 143 57 190 1513
58 145 62 195 1514
137 160 141 227 1515
132 151 134 220 1516
131 155 138 222 1517
139 154 145 226 1518
139 158 147 228 1519
135 157 141 226 1520
